sourceTypeID	modelYearID	fuelTypeID	engTechID	fuelEngFraction
21	1960	1	1	0.993123089247742
21	1960	2	1	0.00687691075225852
21	1960	5	1	0.0
21	1960	9	30	0.0
21	1961	1	1	0.993123089247742
21	1961	2	1	0.00687691075225852
21	1961	5	1	0.0
21	1961	9	30	0.0
21	1962	1	1	0.993123089247742
21	1962	2	1	0.00687691075225852
21	1962	5	1	0.0
21	1962	9	30	0.0
21	1963	1	1	0.993123089247742
21	1963	2	1	0.00687691075225852
21	1963	5	1	0.0
21	1963	9	30	0.0
21	1964	1	1	0.993123089247742
21	1964	2	1	0.00687691075225852
21	1964	5	1	0.0
21	1964	9	30	0.0
21	1965	1	1	0.993123089247742
21	1965	2	1	0.00687691075225852
21	1965	5	1	0.0
21	1965	9	30	0.0
21	1966	1	1	0.993123089247742
21	1966	2	1	0.00687691075225852
21	1966	5	1	0.0
21	1966	9	30	0.0
21	1967	1	1	0.993123089247742
21	1967	2	1	0.00687691075225852
21	1967	5	1	0.0
21	1967	9	30	0.0
21	1968	1	1	0.993123089247742
21	1968	2	1	0.00687691075225852
21	1968	5	1	0.0
21	1968	9	30	0.0
21	1969	1	1	0.993123089247742
21	1969	2	1	0.00687691075225852
21	1969	5	1	0.0
21	1969	9	30	0.0
21	1970	1	1	0.993123089247742
21	1970	2	1	0.00687691075225852
21	1970	5	1	0.0
21	1970	9	30	0.0
21	1971	1	1	0.993123089247742
21	1971	2	1	0.00687691075225852
21	1971	5	1	0.0
21	1971	9	30	0.0
21	1972	1	1	0.993123089247742
21	1972	2	1	0.00687691075225852
21	1972	5	1	0.0
21	1972	9	30	0.0
21	1973	1	1	0.993123089247742
21	1973	2	1	0.00687691075225852
21	1973	5	1	0.0
21	1973	9	30	0.0
21	1974	1	1	0.993123089247742
21	1974	2	1	0.00687691075225852
21	1974	5	1	0.0
21	1974	9	30	0.0
21	1975	1	1	0.981979804960496
21	1975	2	1	0.0180201950395044
21	1975	5	1	0.0
21	1975	9	30	0.0
21	1976	1	1	0.983491195484292
21	1976	2	1	0.0165088045157077
21	1976	5	1	0.0
21	1976	9	30	0.0
21	1977	1	1	0.987068296245043
21	1977	2	1	0.0129317037549566
21	1977	5	1	0.0
21	1977	9	30	0.0
21	1978	1	1	0.984942703532235
21	1978	2	1	0.0150572964677654
21	1978	5	1	0.0
21	1978	9	30	0.0
21	1979	1	1	0.968833708280714
21	1979	2	1	0.0311662917192856
21	1979	5	1	0.0
21	1979	9	30	0.0
21	1980	1	1	0.953329286533452
21	1980	2	1	0.0466707134665481
21	1980	5	1	0.0
21	1980	9	30	0.0
21	1981	1	1	0.923598274357361
21	1981	2	1	0.0764017256426387
21	1981	5	1	0.0
21	1981	9	30	0.0
21	1982	1	1	0.893278136078444
21	1982	2	1	0.106721863921556
21	1982	5	1	0.0
21	1982	9	30	0.0
21	1983	1	1	0.922683484915492
21	1983	2	1	0.0773165150845079
21	1983	5	1	0.0
21	1983	9	30	0.0
21	1984	1	1	0.955646181324789
21	1984	2	1	0.0443538186752114
21	1984	5	1	0.0
21	1984	9	30	0.0
21	1985	1	1	0.966250913749633
21	1985	2	1	0.0337490862503666
21	1985	5	1	0.0
21	1985	9	30	0.0
21	1986	1	1	0.991117688770733
21	1986	2	1	0.0088823112292674
21	1986	5	1	0.0
21	1986	9	30	0.0
21	1987	1	1	0.987233064104778
21	1987	2	1	0.0127669358952218
21	1987	5	1	0.0
21	1987	9	30	0.0
21	1988	1	1	0.999740009037386
21	1988	2	1	2.59990962614462E-4
21	1988	5	1	0.0
21	1988	9	30	0.0
21	1989	1	1	0.999089361365166
21	1989	2	1	9.10638634833907E-4
21	1989	5	1	0.0
21	1989	9	30	0.0
21	1990	1	1	0.998935963622651
21	1990	2	1	0.00106403637734883
21	1990	5	1	0.0
21	1990	9	30	0.0
21	1991	1	1	0.997176674155675
21	1991	2	1	0.00282332584432526
21	1991	5	1	0.0
21	1991	9	30	0.0
21	1992	1	1	0.998834703027928
21	1992	2	1	0.00116529697207206
21	1992	5	1	0.0
21	1992	9	30	0.0
21	1993	1	1	0.999308276197829
21	1993	2	1	6.91723802170864E-4
21	1993	5	1	0.0
21	1993	9	30	0.0
21	1994	1	1	0.999849894884801
21	1994	2	1	1.50105115199433E-4
21	1994	5	1	0.0
21	1994	9	30	0.0
21	1995	1	1	0.99905735966442
21	1995	2	1	9.42640335579959E-4
21	1995	5	1	0.0
21	1995	9	30	0.0
21	1996	1	1	0.998756776387347
21	1996	2	1	0.00124322361265273
21	1996	5	1	0.0
21	1996	9	30	0.0
21	1997	1	1	0.999092612751782
21	1997	2	1	9.07387248217776E-4
21	1997	5	1	0.0
21	1997	9	30	0.0
21	1998	1	1	0.988774031716977
21	1998	2	1	0.00220740998020307
21	1998	5	1	0.00901855830281983
21	1998	9	30	0.0
21	1999	1	1	0.981177293773463
21	1999	2	1	0.00187866633855097
21	1999	5	1	0.0169440398879861
21	1999	9	30	0.0
21	2000	1	1	0.984431122767139
21	2000	2	1	0.003090696370657
21	2000	5	1	0.012478180862204
21	2000	9	30	0.0
21	2001	1	1	0.987243980187748
21	2001	2	1	0.00335311351327231
21	2001	5	1	0.00940290629897982
21	2001	9	30	0.0
21	2002	1	1	0.987424279709371
21	2002	2	1	0.00464386523768887
21	2002	5	1	0.00793185505293994
21	2002	9	30	0.0
21	2003	1	1	0.981632260306649
21	2003	2	1	0.00415837804104847
21	2003	5	1	0.0142093616523025
21	2003	9	30	0.0
21	2004	1	1	0.987101158220393
21	2004	2	1	0.00338024207769216
21	2004	5	1	0.00951859970191498
21	2004	9	30	0.0
21	2005	1	1	0.981213153552008
21	2005	2	1	0.00490924435148407
21	2005	5	1	0.0138776020965076
21	2005	9	30	0.0
21	2006	1	1	0.957516910428868
21	2006	2	1	0.00694575808883517
21	2006	5	1	0.0355373314822971
21	2006	9	30	0.0
21	2007	1	1	0.969238558627654
21	2007	2	1	4.68760444981306E-4
21	2007	5	1	0.0302926809273644
21	2007	9	30	0.0
21	2008	1	1	0.947838406635224
21	2008	2	1	6.90815844123356E-4
21	2008	5	1	0.0514707775206525
21	2008	9	30	0.0
21	2009	1	1	0.94664862459572
21	2009	2	1	0.00779469404968262
21	2009	5	1	0.0455566813545972
21	2009	9	30	0.0
21	2010	1	1	0.935703257714981
21	2010	2	1	0.010610908431914
21	2010	5	1	0.053685833853105
21	2010	9	30	0.0
21	2011	1	1	0.903063599556207
21	2011	2	1	0.011768984026482
21	2011	5	1	0.0851674164173107
21	2011	9	30	0.0
21	2012	1	1	0.939653324334994
21	2012	2	1	0.012605599620414
21	2012	5	1	0.0477410760445921
21	2012	9	30	0.0
21	2013	1	1	0.940198587058991
21	2013	2	1	0.0135391113801788
21	2013	5	1	0.0462623015608303
21	2013	9	30	0.0
21	2014	1	1	0.943653095249554
21	2014	2	1	0.0149854955328527
21	2014	5	1	0.0413614092175938
21	2014	9	30	0.0
21	2015	1	1	0.937509934359933
21	2015	2	1	0.0241704231190682
21	2015	5	1	0.0383196425209991
21	2015	9	30	0.0
21	2016	1	1	0.948632633324973
21	2016	2	1	0.00121049763125805
21	2016	5	1	0.0501568690437693
21	2016	9	30	0.0
21	2017	1	1	0.969770817268267
21	2017	2	1	2.59360958781805E-4
21	2017	5	1	0.0299698217729508
21	2017	9	30	0.0
21	2018	1	1	0.969330713510729
21	2018	2	1	0.00107594418483699
21	2018	5	1	0.0295933423044338
21	2018	9	30	0.0
21	2019	1	1	0.966789494225498
21	2019	2	1	0.00333744588284949
21	2019	5	1	0.0298730598916522
21	2019	9	30	0.0
21	2020	1	1	0.964274635164127
21	2020	2	1	0.00569708682703601
21	2020	5	1	0.0300282780088365
21	2020	9	30	0.0
21	2021	1	1	0.963105968933242
21	2021	2	1	0.00655680131649962
21	2021	5	1	0.0303372297502583
21	2021	9	30	0.0
21	2022	1	1	0.0
21	2022	2	1	0.0
21	2022	5	1	0.0
21	2022	9	30	1.0
21	2023	1	1	0.960221935102786
21	2023	2	1	0.00921855061421376
21	2023	5	1	0.0305595142830006
21	2023	9	30	0.0
21	2024	1	1	0.958598515823593
21	2024	2	1	0.0107306539574332
21	2024	5	1	0.0306708302189736
21	2024	9	30	0.0
21	2025	1	1	0.956390220848718
21	2025	2	1	0.0128157720062297
21	2025	5	1	0.0307940071450526
21	2025	9	30	0.0
21	2026	1	1	0.953849262049441
21	2026	2	1	0.0153046032720578
21	2026	5	1	0.0308461346785007
21	2026	9	30	0.0
21	2027	1	1	0.95023258537318
21	2027	2	1	0.0179722677800731
21	2027	5	1	0.0317951468467466
21	2027	9	30	0.0
21	2028	1	1	0.945359361671924
21	2028	2	1	0.021377501920932
21	2028	5	1	0.0332631364071437
21	2028	9	30	0.0
21	2029	1	1	0.941832606264559
21	2029	2	1	0.0234740465699166
21	2029	5	1	0.0346933471655244
21	2029	9	30	0.0
21	2030	1	1	0.937940584548215
21	2030	2	1	0.0256046740803115
21	2030	5	1	0.0364547413714732
21	2030	9	30	0.0
21	2031	1	1	0.937125401248607
21	2031	2	1	0.0258322634474172
21	2031	5	1	0.0370423353039755
21	2031	9	30	0.0
21	2032	1	1	0.936767776607108
21	2032	2	1	0.0257869714266108
21	2032	5	1	0.0374452519662817
21	2032	9	30	0.0
21	2033	1	1	0.936785948298975
21	2033	2	1	0.0250401091399229
21	2033	5	1	0.0381739425611025
21	2033	9	30	0.0
21	2034	1	1	0.935034967855434
21	2034	2	1	0.0256406548863118
21	2034	5	1	0.0393243772582542
21	2034	9	30	0.0
21	2035	1	1	0.935205375407469
21	2035	2	1	0.0250218971418805
21	2035	5	1	0.0397727274506503
21	2035	9	30	0.0
21	2036	1	1	0.935327812447973
21	2036	2	1	0.0243239467381516
21	2036	5	1	0.0403482408138753
21	2036	9	30	0.0
21	2037	1	1	0.935302445659024
21	2037	2	1	0.0240021395728652
21	2037	5	1	0.0406954147681105
21	2037	9	30	0.0
21	2038	1	1	0.935839743268536
21	2038	2	1	0.023463451475375
21	2038	5	1	0.0406968052560888
21	2038	9	30	0.0
21	2039	1	1	0.936632583007738
21	2039	2	1	0.0231020471889531
21	2039	5	1	0.0402653698033085
21	2039	9	30	0.0
21	2040	1	1	0.937353763625988
21	2040	2	1	0.0228626088293641
21	2040	5	1	0.0397836275446482
21	2040	9	30	0.0
21	2041	1	1	0.938666299316194
21	2041	2	1	0.0227017062299645
21	2041	5	1	0.038631994453841
21	2041	9	30	0.0
21	2042	1	1	0.940001684068161
21	2042	2	1	0.0224211380087438
21	2042	5	1	0.0375771779230951
21	2042	9	30	0.0
21	2043	1	1	0.941680068284375
21	2043	2	1	0.0221909271486759
21	2043	5	1	0.0361290045669489
21	2043	9	30	0.0
21	2044	1	1	0.942782869766544
21	2044	2	1	0.0220449661037973
21	2044	5	1	0.0351721641296583
21	2044	9	30	0.0
21	2045	1	1	0.943882526608971
21	2045	2	1	0.0217373617438387
21	2045	5	1	0.0343801116471906
21	2045	9	30	0.0
21	2046	1	1	0.945909131689813
21	2046	2	1	0.0218061773175216
21	2046	5	1	0.032284690992665
21	2046	9	30	0.0
21	2047	1	1	0.946865629294307
21	2047	2	1	0.0218139390562394
21	2047	5	1	0.0313204316494541
21	2047	9	30	0.0
21	2048	1	1	0.947432428521623
21	2048	2	1	0.0215753470666269
21	2048	5	1	0.0309922244117501
21	2048	9	30	0.0
21	2049	1	1	0.947634674837832
21	2049	2	1	0.021362159241399
21	2049	5	1	0.0310031659207689
21	2049	9	30	0.0
21	2050	1	1	0.94797586366634
21	2050	2	1	0.0209900627278066
21	2050	5	1	0.0310340736058534
21	2050	9	30	0.0
21	2051	1	1	0.94797586366634
21	2051	2	1	0.0209900627278066
21	2051	5	1	0.0310340736058534
21	2051	9	30	0.0
21	2052	1	1	0.94797586366634
21	2052	2	1	0.0209900627278066
21	2052	5	1	0.0310340736058534
21	2052	9	30	0.0
21	2053	1	1	0.94797586366634
21	2053	2	1	0.0209900627278066
21	2053	5	1	0.0310340736058534
21	2053	9	30	0.0
21	2054	1	1	0.94797586366634
21	2054	2	1	0.0209900627278066
21	2054	5	1	0.0310340736058534
21	2054	9	30	0.0
21	2055	1	1	0.94797586366634
21	2055	2	1	0.0209900627278066
21	2055	5	1	0.0310340736058534
21	2055	9	30	0.0
21	2056	1	1	0.94797586366634
21	2056	2	1	0.0209900627278066
21	2056	5	1	0.0310340736058534
21	2056	9	30	0.0
21	2057	1	1	0.94797586366634
21	2057	2	1	0.0209900627278066
21	2057	5	1	0.0310340736058534
21	2057	9	30	0.0
21	2058	1	1	0.94797586366634
21	2058	2	1	0.0209900627278066
21	2058	5	1	0.0310340736058534
21	2058	9	30	0.0
21	2059	1	1	0.94797586366634
21	2059	2	1	0.0209900627278066
21	2059	5	1	0.0310340736058534
21	2059	9	30	0.0
21	2060	1	1	0.94797586366634
21	2060	2	1	0.0209900627278066
21	2060	5	1	0.0310340736058534
21	2060	9	30	0.0
31	1960	1	1	0.98608000045646
31	1960	2	1	0.01391999954354066
31	1960	5	1	0.0
31	1960	9	30	0.0
31	1961	1	1	0.98608000045646
31	1961	2	1	0.01391999954354066
31	1961	5	1	0.0
31	1961	9	30	0.0
31	1962	1	1	0.98608000045646
31	1962	2	1	0.01391999954354066
31	1962	5	1	0.0
31	1962	9	30	0.0
31	1963	1	1	0.98608000045646
31	1963	2	1	0.01391999954354066
31	1963	5	1	0.0
31	1963	9	30	0.0
31	1964	1	1	0.98608000045646
31	1964	2	1	0.01391999954354066
31	1964	5	1	0.0
31	1964	9	30	0.0
31	1965	1	1	0.98608000045646
31	1965	2	1	0.01391999954354066
31	1965	5	1	0.0
31	1965	9	30	0.0
31	1966	1	1	0.98608000045646
31	1966	2	1	0.01391999954354066
31	1966	5	1	0.0
31	1966	9	30	0.0
31	1967	1	1	0.9860800028086322
31	1967	2	1	0.01391999719136773
31	1967	5	1	0.0
31	1967	9	30	0.0
31	1968	1	1	0.986080000558727
31	1968	2	1	0.01391999944127226
31	1968	5	1	0.0
31	1968	9	30	0.0
31	1969	1	1	0.986080000456459
31	1969	2	1	0.01391999954354066
31	1969	5	1	0.0
31	1969	9	30	0.0
31	1970	1	1	0.9860799978613977
31	1970	2	1	0.013920002138601971
31	1970	5	1	0.0
31	1970	9	30	0.0
31	1971	1	1	0.9860800029364681
31	1971	2	1	0.01391999706353226
31	1971	5	1	0.0
31	1971	9	30	0.0
31	1972	1	1	0.9860800030834782
31	1972	2	1	0.01391999691652147
31	1972	5	1	0.0
31	1972	9	30	0.0
31	1973	1	1	0.986079993399936
31	1973	2	1	0.0139200066000643
31	1973	5	1	0.0
31	1973	9	30	0.0
31	1974	1	1	0.9860799938026176
31	1974	2	1	0.01392000619738205
31	1974	5	1	0.0
31	1974	9	30	0.0
31	1975	1	1	0.9860800071550366
31	1975	2	1	0.01391999284496328
31	1975	5	1	0.0
31	1975	9	30	0.0
31	1976	1	1	0.9860800032177064
31	1976	2	1	0.01391999678229425
31	1976	5	1	0.0
31	1976	9	30	0.0
31	1977	1	1	0.986080001063678
31	1977	2	1	0.01391999893632203
31	1977	5	1	0.0
31	1977	9	30	0.0
31	1978	1	1	0.986080000737697
31	1978	2	1	0.01391999926230256
31	1978	5	1	0.0
31	1978	9	30	0.0
31	1979	1	1	0.986080000571511
31	1979	2	1	0.01391999942848871
31	1979	5	1	0.0
31	1979	9	30	0.0
31	1980	1	1	0.987630000612454
31	1980	2	1	0.01236999938754574
31	1980	5	1	0.0
31	1980	9	30	0.0
31	1981	1	1	0.9492773821303636
31	1981	2	1	0.05072261786963613
31	1981	5	1	0.0
31	1981	9	30	0.0
31	1982	1	1	0.8804633535057153
31	1982	2	1	0.11953664649428429
31	1982	5	1	0.0
31	1982	9	30	0.0
31	1983	1	1	0.9233559159652364
31	1983	2	1	0.07664408403476361
31	1983	5	1	0.0
31	1983	9	30	0.0
31	1984	1	1	0.9341762725633431
31	1984	2	1	0.06582372743665652
31	1984	5	1	0.0
31	1984	9	30	0.0
31	1985	1	1	0.9467810207883011
31	1985	2	1	0.053218979211698506
31	1985	5	1	0.0
31	1985	9	30	0.0
31	1986	1	1	0.9504757797631879
31	1986	2	1	0.049524220236811765
31	1986	5	1	0.0
31	1986	9	30	0.0
31	1987	1	1	0.976719619017165
31	1987	2	1	0.023280380982835178
31	1987	5	1	0.0
31	1987	9	30	0.0
31	1988	1	1	0.9804137020885928
31	1988	2	1	0.01958629791140697
31	1988	5	1	0.0
31	1988	9	30	0.0
31	1989	1	1	0.9741214118959522
31	1989	2	1	0.02587858810404809
31	1989	5	1	0.0
31	1989	9	30	0.0
31	1990	1	1	0.9691693383206944
31	1990	2	1	0.03083066167930544
31	1990	5	1	0.0
31	1990	9	30	0.0
31	1991	1	1	0.9659788548785004
31	1991	2	1	0.0340211451214993
31	1991	5	1	0.0
31	1991	9	30	0.0
31	1992	1	1	0.9618644307742258
31	1992	2	1	0.0381355692257744
31	1992	5	1	0.0
31	1992	9	30	0.0
31	1993	1	1	0.957509264445621
31	1993	2	1	0.0424907355543791
31	1993	5	1	0.0
31	1993	9	30	0.0
31	1994	1	1	0.9662423262509225
31	1994	2	1	0.03375767374907783
31	1994	5	1	0.0
31	1994	9	30	0.0
31	1995	1	1	0.9608774515973207
31	1995	2	1	0.0391225484026794
31	1995	5	1	0.0
31	1995	9	30	0.0
31	1996	1	1	0.9575318289774797
31	1996	2	1	0.0424681710225205
31	1996	5	1	0.0
31	1996	9	30	0.0
31	1997	1	1	0.9555091607722557
31	1997	2	1	0.0444908392277447
31	1997	5	1	0.0
31	1997	9	30	0.0
31	1998	1	1	0.9721121400495267
31	1998	2	1	0.012801740617925569
31	1998	5	1	0.0150861193325478
31	1998	9	30	0.0
31	1999	1	1	0.9099131616513585
31	1999	2	1	0.03924569023615449
31	1999	5	1	0.0508411481124867
31	1999	9	30	0.0
31	2000	1	1	0.905596568871496
31	2000	2	1	0.029730392724409853
31	2000	5	1	0.064673038404094
31	2000	9	30	0.0
31	2001	1	1	0.9215318324543142
31	2001	2	1	0.041033791792965374
31	2001	5	1	0.0374343757527202
31	2001	9	30	0.0
31	2002	1	1	0.8723827817986134
31	2002	2	1	0.03469635173307874
31	2002	5	1	0.0929208664683079
31	2002	9	30	0.0
31	2003	1	1	0.857356116118366
31	2003	2	1	0.03864707088380215
31	2003	5	1	0.103996812997832
31	2003	9	30	0.0
31	2004	1	1	0.8918917653918315
31	2004	2	1	0.04059426330900813
31	2004	5	1	0.0675139712991603
31	2004	9	30	0.0
31	2005	1	1	0.9105088873989139
31	2005	2	1	0.03594887864150734
31	2005	5	1	0.0535422339595791
31	2005	9	30	0.0
31	2006	1	1	0.9113082243915492
31	2006	2	1	0.044021895648384435
31	2006	5	1	0.0446698799600665
31	2006	9	30	0.0
31	2007	1	1	0.8562615646238629
31	2007	2	1	0.02789859484717882
31	2007	5	1	0.115839840528958
31	2007	9	30	0.0
31	2008	1	1	0.886742276598583
31	2008	2	1	0.030039424731718858
31	2008	5	1	0.0832182986696986
31	2008	9	30	0.0
31	2009	1	1	0.840999081136234
31	2009	2	1	0.01717514219839566
31	2009	5	1	0.14182577666537
31	2009	9	30	0.0
31	2010	1	1	0.7940605354525148
31	2010	2	1	0.01327502253385919
31	2010	5	1	0.192664442013626
31	2010	9	30	0.0
31	2011	1	1	0.7572564527682356
31	2011	2	1	0.02341150946081791
31	2011	5	1	0.219332037770946
31	2011	9	30	0.0
31	2012	1	1	0.6858918670602524
31	2012	2	1	0.02644630573837474
31	2012	5	1	0.287661827201373
31	2012	9	30	0.0
31	2013	1	1	0.6940749248787105
31	2013	2	1	0.02008991749165871
31	2013	5	1	0.285835157629631
31	2013	9	30	0.0
31	2014	1	1	0.7749097758176613
31	2014	2	1	0.02373105320747714
31	2014	5	1	0.201359170974861
31	2014	9	30	0.0
31	2015	1	1	0.7683710520149758
31	2015	2	1	0.030311904928501998
31	2015	5	1	0.201317043056522
31	2015	9	30	0.0
31	2016	1	1	0.8231506948398738
31	2016	2	1	0.034741499577338
31	2016	5	1	0.142107805582788
31	2016	9	30	0.0
31	2017	1	1	0.8435752910283165
31	2017	2	1	0.0389416926841373
31	2017	5	1	0.117483016287547
31	2017	9	30	0.0
31	2018	1	1	0.8358454399881506
31	2018	2	1	0.04652591993253
31	2018	5	1	0.117628640079319
31	2018	9	30	0.0
31	2019	1	1	0.8275605414046291
31	2019	2	1	0.0551386733261518
31	2019	5	1	0.11730078526922
31	2019	9	30	0.0
31	2020	1	1	0.8200749710895338
31	2020	2	1	0.06284831526760659
31	2020	5	1	0.11707671364286
31	2020	9	30	0.0
31	2021	1	1	0.8185049561272297
31	2021	2	1	0.0644095584400939
31	2021	5	1	0.117085485432676
31	2021	9	30	0.0
31	2022	1	1	0.816654899680455
31	2022	2	1	0.0663249596926148
31	2022	5	1	0.11702014062693
31	2022	9	30	0.0
31	2023	1	1	0.8155654166799933
31	2023	2	1	0.06775035709429139
31	2023	5	1	0.116684226225715
31	2023	9	30	0.0
31	2024	1	1	0.8149443370687813
31	2024	2	1	0.0683741750329656
31	2024	5	1	0.116681487898253
31	2024	9	30	0.0
31	2025	1	1	0.814077635403535
31	2025	2	1	0.069046376711076
31	2025	5	1	0.116875987885389
31	2025	9	30	0.0
31	2026	1	1	0.8143292966110554
31	2026	2	1	0.0686403395308059
31	2026	5	1	0.117030363858139
31	2026	9	30	0.0
31	2027	1	1	0.8109985111227073
31	2027	2	1	0.0682097538312881
31	2027	5	1	0.120791735046005
31	2027	9	30	0.0
31	2028	1	1	0.805331447758041
31	2028	2	1	0.06774956398473231
31	2028	5	1	0.126918988257227
31	2028	9	30	0.0
31	2029	1	1	0.7991051075378717
31	2029	2	1	0.0679857074847933
31	2029	5	1	0.132909184977335
31	2029	9	30	0.0
31	2030	1	1	0.7922483291065023
31	2030	2	1	0.0675919643298772
31	2030	5	1	0.14015970656362
31	2030	9	30	0.0
31	2031	1	1	0.7887500113214602
31	2031	2	1	0.0677133448997991
31	2031	5	1	0.143536643778741
31	2031	9	30	0.0
31	2032	1	1	0.7861974340536108
31	2032	2	1	0.06738269193043239
31	2032	5	1	0.146419874015957
31	2032	9	30	0.0
31	2033	1	1	0.783033016424405
31	2033	2	1	0.0668699935042555
31	2033	5	1	0.150096990071339
31	2033	9	30	0.0
31	2034	1	1	0.7777930982978749
31	2034	2	1	0.0667947816818663
31	2034	5	1	0.155412120020259
31	2034	9	30	0.0
31	2035	1	1	0.7748524415458483
31	2035	2	1	0.0665823195930332
31	2035	5	1	0.158565238861118
31	2035	9	30	0.0
31	2036	1	1	0.7715639065694551
31	2036	2	1	0.0663066868980601
31	2036	5	1	0.162129406532485
31	2036	9	30	0.0
31	2037	1	1	0.7688958059478622
31	2037	2	1	0.06609024582492411
31	2037	5	1	0.165013948227214
31	2037	9	30	0.0
31	2038	1	1	0.7675274866335053
31	2038	2	1	0.065607821398703
31	2038	5	1	0.166864691967792
31	2038	9	30	0.0
31	2039	1	1	0.7667524955550473
31	2039	2	1	0.0656567285354834
31	2039	5	1	0.167590775909469
31	2039	9	30	0.0
31	2040	1	1	0.7660601626356036
31	2040	2	1	0.0658580309229691
31	2040	5	1	0.168081806441427
31	2040	9	30	0.0
31	2041	1	1	0.7675039451703428
31	2041	2	1	0.0659654635378544
31	2041	5	1	0.166530591291803
31	2041	9	30	0.0
31	2042	1	1	0.7681468463838474
31	2042	2	1	0.0661977395814011
31	2042	5	1	0.165655414034751
31	2042	9	30	0.0
31	2043	1	1	0.7700870383254901
31	2043	2	1	0.0662881738918225
31	2043	5	1	0.163624787782688
31	2043	9	30	0.0
31	2044	1	1	0.7705995228541871
31	2044	2	1	0.0662704057319366
31	2044	5	1	0.163130071413876
31	2044	9	30	0.0
31	2045	1	1	0.7708102923436796
31	2045	2	1	0.0660711764976189
31	2045	5	1	0.163118531158701
31	2045	9	30	0.0
31	2046	1	1	0.7746974630470193
31	2046	2	1	0.066210464118298
31	2046	5	1	0.159092072834682
31	2046	9	30	0.0
31	2047	1	1	0.7749938005441493
31	2047	2	1	0.0661355856714798
31	2047	5	1	0.158870613784371
31	2047	9	30	0.0
31	2048	1	1	0.7735323669234084
31	2048	2	1	0.0658318658106538
31	2048	5	1	0.160635767265937
31	2048	9	30	0.0
31	2049	1	1	0.771568186109115
31	2049	2	1	0.06542467585873729
31	2049	5	1	0.163007138032148
31	2049	9	30	0.0
31	2050	1	1	0.7695090067460857
31	2050	2	1	0.0647384619419603
31	2050	5	1	0.165752531311954
31	2050	9	30	0.0
31	2051	1	1	0.7695090067460857
31	2051	2	1	0.0647384619419603
31	2051	5	1	0.165752531311954
31	2051	9	30	0.0
31	2052	1	1	0.7695090067460857
31	2052	2	1	0.0647384619419603
31	2052	5	1	0.165752531311954
31	2052	9	30	0.0
31	2053	1	1	0.7695090067460857
31	2053	2	1	0.0647384619419603
31	2053	5	1	0.165752531311954
31	2053	9	30	0.0
31	2054	1	1	0.7695090067460857
31	2054	2	1	0.0647384619419603
31	2054	5	1	0.165752531311954
31	2054	9	30	0.0
31	2055	1	1	0.7695090067460857
31	2055	2	1	0.0647384619419603
31	2055	5	1	0.165752531311954
31	2055	9	30	0.0
31	2056	1	1	0.7695090067460857
31	2056	2	1	0.0647384619419603
31	2056	5	1	0.165752531311954
31	2056	9	30	0.0
31	2057	1	1	0.7695090067460857
31	2057	2	1	0.0647384619419603
31	2057	5	1	0.165752531311954
31	2057	9	30	0.0
31	2058	1	1	0.7695090067460857
31	2058	2	1	0.0647384619419603
31	2058	5	1	0.165752531311954
31	2058	9	30	0.0
31	2059	1	1	0.7695090067460857
31	2059	2	1	0.0647384619419603
31	2059	5	1	0.165752531311954
31	2059	9	30	0.0
31	2060	1	1	0.7695090067460857
31	2060	2	1	0.0647384619419603
31	2060	5	1	0.165752531311954
31	2060	9	30	0.0
32	1960	1	1	0.958150029830882
32	1960	2	1	0.041849970169117845
32	1960	5	1	0.0
32	1960	9	30	0.0
32	1961	1	1	0.958150029830882
32	1961	2	1	0.041849970169117845
32	1961	5	1	0.0
32	1961	9	30	0.0
32	1962	1	1	0.958150029830882
32	1962	2	1	0.041849970169117845
32	1962	5	1	0.0
32	1962	9	30	0.0
32	1963	1	1	0.958150029830882
32	1963	2	1	0.041849970169117845
32	1963	5	1	0.0
32	1963	9	30	0.0
32	1964	1	1	0.958150029830882
32	1964	2	1	0.041849970169117845
32	1964	5	1	0.0
32	1964	9	30	0.0
32	1965	1	1	0.958150029830882
32	1965	2	1	0.041849970169117845
32	1965	5	1	0.0
32	1965	9	30	0.0
32	1966	1	1	0.958150029830882
32	1966	2	1	0.041849970169117845
32	1966	5	1	0.0
32	1966	9	30	0.0
32	1967	1	1	0.95814996246101
32	1967	2	1	0.04185003753899008
32	1967	5	1	0.0
32	1967	9	30	0.0
32	1968	1	1	0.9581499862869649
32	1968	2	1	0.04185001371303493
32	1968	5	1	0.0
32	1968	9	30	0.0
32	1969	1	1	0.9581500129510894
32	1969	2	1	0.041849987048910284
32	1969	5	1	0.0
32	1969	9	30	0.0
32	1970	1	1	0.958150018029967
32	1970	2	1	0.04184998197003324
32	1970	5	1	0.0
32	1970	9	30	0.0
32	1971	1	1	0.9581499848678661
32	1971	2	1	0.04185001513213493
32	1971	5	1	0.0
32	1971	9	30	0.0
32	1972	1	1	0.958149997415693
32	1972	2	1	0.04185000258430649
32	1972	5	1	0.0
32	1972	9	30	0.0
32	1973	1	1	0.958150005183393
32	1973	2	1	0.04184999481660693
32	1973	5	1	0.0
32	1973	9	30	0.0
32	1974	1	1	0.9581499735150609
32	1974	2	1	0.04185002648493858
32	1974	5	1	0.0
32	1974	9	30	0.0
32	1975	1	1	0.958150001000786
32	1975	2	1	0.041849998999214044
32	1975	5	1	0.0
32	1975	9	30	0.0
32	1976	1	1	0.9581500181793451
32	1976	2	1	0.04184998182065457
32	1976	5	1	0.0
32	1976	9	30	0.0
32	1977	1	1	0.958149991477883
32	1977	2	1	0.04185000852211759
32	1977	5	1	0.0
32	1977	9	30	0.0
32	1978	1	1	0.958149995735181
32	1978	2	1	0.0418500042648191
32	1978	5	1	0.0
32	1978	9	30	0.0
32	1979	1	1	0.958150007704164
32	1979	2	1	0.04184999229583595
32	1979	5	1	0.0
32	1979	9	30	0.0
32	1980	1	1	0.893119939694267
32	1980	2	1	0.10688006030573301
32	1980	5	1	0.0
32	1980	9	30	0.0
32	1981	1	1	0.980551829852462
32	1981	2	1	0.01944817014753789
32	1981	5	1	0.0
32	1981	9	30	0.0
32	1982	1	1	0.91890326317822
32	1982	2	1	0.0810967368217803
32	1982	5	1	0.0
32	1982	9	30	0.0
32	1983	1	1	0.923220082233283
32	1983	2	1	0.0767799177667172
32	1983	5	1	0.0
32	1983	9	30	0.0
32	1984	1	1	0.860535330662486
32	1984	2	1	0.1394646693375137
32	1984	5	1	0.0
32	1984	9	30	0.0
32	1985	1	1	0.869028422901976
32	1985	2	1	0.1309715770980242
32	1985	5	1	0.0
32	1985	9	30	0.0
32	1986	1	1	0.8619399251565909
32	1986	2	1	0.1380600748434089
32	1986	5	1	0.0
32	1986	9	30	0.0
32	1987	1	1	0.935042845454937
32	1987	2	1	0.064957154545063
32	1987	5	1	0.0
32	1987	9	30	0.0
32	1988	1	1	0.936857634620113
32	1988	2	1	0.0631423653798869
32	1988	5	1	0.0
32	1988	9	30	0.0
32	1989	1	1	0.937575997304384
32	1989	2	1	0.0624240026956152
32	1989	5	1	0.0
32	1989	9	30	0.0
32	1990	1	1	0.9259315313133749
32	1990	2	1	0.0740684686866241
32	1990	5	1	0.0
32	1990	9	30	0.0
32	1991	1	1	0.9187347522503579
32	1991	2	1	0.0812652477496424
32	1991	5	1	0.0
32	1991	9	30	0.0
32	1992	1	1	0.9222076605425189
32	1992	2	1	0.07779233945748129
32	1992	5	1	0.0
32	1992	9	30	0.0
32	1993	1	1	0.905585041154484
32	1993	2	1	0.0944149588455162
32	1993	5	1	0.0
32	1993	9	30	0.0
32	1994	1	1	0.921191039376652
32	1994	2	1	0.0788089606233478
32	1994	5	1	0.0
32	1994	9	30	0.0
32	1995	1	1	0.908314126064502
32	1995	2	1	0.0916858739354979
32	1995	5	1	0.0
32	1995	9	30	0.0
32	1996	1	1	0.907042663407253
32	1996	2	1	0.0929573365927478
32	1996	5	1	0.0
32	1996	9	30	0.0
32	1997	1	1	0.8987565891097691
32	1997	2	1	0.1012434108902305
32	1997	5	1	0.0
32	1997	9	30	0.0
32	1998	1	1	0.941437364228819
32	1998	2	1	0.04495009917199253
32	1998	5	1	0.0136125365991877
32	1998	9	30	0.0
32	1999	1	1	0.8632828791511211
32	1999	2	1	0.09859702381796773
32	1999	5	1	0.0381200970309109
32	1999	9	30	0.0
32	2000	1	1	0.872804795574807
32	2000	2	1	0.07730755526037038
32	2000	5	1	0.0498876491648224
32	2000	9	30	0.0
32	2001	1	1	0.88195656356455
32	2001	2	1	0.08818796047940791
32	2001	5	1	0.029855475956043
32	2001	9	30	0.0
32	2002	1	1	0.843035561509247
32	2002	2	1	0.08484363423296812
32	2002	5	1	0.0721208042577854
32	2002	9	30	0.0
32	2003	1	1	0.840072181701372
32	2003	2	1	0.08413325271153776
32	2003	5	1	0.0757945655870904
32	2003	9	30	0.0
32	2004	1	1	0.859683381224115
32	2004	2	1	0.09267372212554134
32	2004	5	1	0.0476428966503433
32	2004	9	30	0.0
32	2005	1	1	0.8698377535487549
32	2005	2	1	0.08519485662661036
32	2005	5	1	0.0449673898246352
32	2005	9	30	0.0
32	2006	1	1	0.851792053390906
32	2006	2	1	0.09977651742538493
32	2006	5	1	0.0484314291837096
32	2006	9	30	0.0
32	2007	1	1	0.8156532084581279
32	2007	2	1	0.06791541872159701
32	2007	5	1	0.116431372820275
32	2007	9	30	0.0
32	2008	1	1	0.813207223861407
32	2008	2	1	0.08016840167250978
32	2008	5	1	0.106624374466084
32	2008	9	30	0.0
32	2009	1	1	0.7655826463029209
32	2009	2	1	0.04653767128904006
32	2009	5	1	0.187879682408039
32	2009	9	30	0.0
32	2010	1	1	0.638225662717252
32	2010	2	1	0.03476208348378579
32	2010	5	1	0.327012253798962
32	2010	9	30	0.0
32	2011	1	1	0.623032259030559
32	2011	2	1	0.06012271493254366
32	2011	5	1	0.316845026036897
32	2011	9	30	0.0
32	2012	1	1	0.626541353383459
32	2012	2	1	0.05618954794393387
32	2012	5	1	0.317269098672607
32	2012	9	30	0.0
32	2013	1	1	0.5943190695081788
32	2013	2	1	0.0311694871120497
32	2013	5	1	0.374511443379772
32	2013	9	30	0.0
32	2014	1	1	0.6161445947683012
32	2014	2	1	0.02626829059279726
32	2014	5	1	0.357587114638901
32	2014	9	30	0.0
32	2015	1	1	0.7683710520149756
32	2015	2	1	0.030311904928501977
32	2015	5	1	0.201317043056522
32	2015	9	30	0.0
32	2016	1	1	0.823150694839874
32	2016	2	1	0.03474149957733793
32	2016	5	1	0.142107805582788
32	2016	9	30	0.0
32	2017	1	1	0.8435752910283162
32	2017	2	1	0.03894169268413731
32	2017	5	1	0.117483016287547
32	2017	9	30	0.0
32	2018	1	1	0.8358454399881511
32	2018	2	1	0.04652591993253004
32	2018	5	1	0.117628640079319
32	2018	9	30	0.0
32	2019	1	1	0.8275605414046285
32	2019	2	1	0.05513867332615175
32	2019	5	1	0.11730078526922
32	2019	9	30	0.0
32	2020	1	1	0.8200749710895333
32	2020	2	1	0.0628483152676066
32	2020	5	1	0.11707671364286
32	2020	9	30	0.0
32	2021	1	1	0.8185049561272303
32	2021	2	1	0.0644095584400939
32	2021	5	1	0.117085485432676
32	2021	9	30	0.0
32	2022	1	1	0.816654899680455
32	2022	2	1	0.0663249596926148
32	2022	5	1	0.11702014062693
32	2022	9	30	0.0
32	2023	1	1	0.8155654166799933
32	2023	2	1	0.06775035709429139
32	2023	5	1	0.116684226225715
32	2023	9	30	0.0
32	2024	1	1	0.8149443370687814
32	2024	2	1	0.0683741750329656
32	2024	5	1	0.116681487898253
32	2024	9	30	0.0
32	2025	1	1	0.814077635403535
32	2025	2	1	0.069046376711076
32	2025	5	1	0.116875987885389
32	2025	9	30	0.0
32	2026	1	1	0.8143292966110548
32	2026	2	1	0.0686403395308059
32	2026	5	1	0.117030363858139
32	2026	9	30	0.0
32	2027	1	1	0.8109985111227074
32	2027	2	1	0.06820975383128809
32	2027	5	1	0.120791735046005
32	2027	9	30	0.0
32	2028	1	1	0.8053314477580409
32	2028	2	1	0.0677495639847322
32	2028	5	1	0.126918988257227
32	2028	9	30	0.0
32	2029	1	1	0.7991051075378715
32	2029	2	1	0.06798570748479331
32	2029	5	1	0.132909184977335
32	2029	9	30	0.0
32	2030	1	1	0.7922483291065026
32	2030	2	1	0.0675919643298771
32	2030	5	1	0.14015970656362
32	2030	9	30	0.0
32	2031	1	1	0.7887500113214607
32	2031	2	1	0.0677133448997991
32	2031	5	1	0.143536643778741
32	2031	9	30	0.0
32	2032	1	1	0.7861974340536104
32	2032	2	1	0.0673826919304324
32	2032	5	1	0.146419874015957
32	2032	9	30	0.0
32	2033	1	1	0.7830330164244049
32	2033	2	1	0.0668699935042556
32	2033	5	1	0.150096990071339
32	2033	9	30	0.0
32	2034	1	1	0.7777930982978745
32	2034	2	1	0.0667947816818663
32	2034	5	1	0.155412120020259
32	2034	9	30	0.0
32	2035	1	1	0.7748524415458483
32	2035	2	1	0.0665823195930332
32	2035	5	1	0.158565238861118
32	2035	9	30	0.0
32	2036	1	1	0.7715639065694558
32	2036	2	1	0.06630668689806
32	2036	5	1	0.162129406532485
32	2036	9	30	0.0
32	2037	1	1	0.7688958059478619
32	2037	2	1	0.0660902458249242
32	2037	5	1	0.165013948227214
32	2037	9	30	0.0
32	2038	1	1	0.7675274866335056
32	2038	2	1	0.065607821398703
32	2038	5	1	0.166864691967792
32	2038	9	30	0.0
32	2039	1	1	0.7667524955550471
32	2039	2	1	0.06565672853548331
32	2039	5	1	0.167590775909469
32	2039	9	30	0.0
32	2040	1	1	0.7660601626356031
32	2040	2	1	0.065858030922969
32	2040	5	1	0.168081806441427
32	2040	9	30	0.0
32	2041	1	1	0.7675039451703427
32	2041	2	1	0.0659654635378544
32	2041	5	1	0.166530591291803
32	2041	9	30	0.0
32	2042	1	1	0.768146846383848
32	2042	2	1	0.066197739581401
32	2042	5	1	0.165655414034751
32	2042	9	30	0.0
32	2043	1	1	0.7700870383254899
32	2043	2	1	0.0662881738918225
32	2043	5	1	0.163624787782688
32	2043	9	30	0.0
32	2044	1	1	0.7705995228541868
32	2044	2	1	0.0662704057319366
32	2044	5	1	0.163130071413876
32	2044	9	30	0.0
32	2045	1	1	0.77081029234368
32	2045	2	1	0.0660711764976189
32	2045	5	1	0.163118531158701
32	2045	9	30	0.0
32	2046	1	1	0.7746974630470198
32	2046	2	1	0.06621046411829799
32	2046	5	1	0.159092072834682
32	2046	9	30	0.0
32	2047	1	1	0.7749938005441492
32	2047	2	1	0.0661355856714798
32	2047	5	1	0.158870613784371
32	2047	9	30	0.0
32	2048	1	1	0.7735323669234087
32	2048	2	1	0.0658318658106538
32	2048	5	1	0.160635767265937
32	2048	9	30	0.0
32	2049	1	1	0.7715681861091154
32	2049	2	1	0.0654246758587373
32	2049	5	1	0.163007138032148
32	2049	9	30	0.0
32	2050	1	1	0.7695090067460859
32	2050	2	1	0.0647384619419603
32	2050	5	1	0.165752531311954
32	2050	9	30	0.0
32	2051	1	1	0.7695090067460859
32	2051	2	1	0.0647384619419603
32	2051	5	1	0.165752531311954
32	2051	9	30	0.0
32	2052	1	1	0.7695090067460859
32	2052	2	1	0.0647384619419603
32	2052	5	1	0.165752531311954
32	2052	9	30	0.0
32	2053	1	1	0.7695090067460859
32	2053	2	1	0.0647384619419603
32	2053	5	1	0.165752531311954
32	2053	9	30	0.0
32	2054	1	1	0.7695090067460859
32	2054	2	1	0.0647384619419603
32	2054	5	1	0.165752531311954
32	2054	9	30	0.0
32	2055	1	1	0.7695090067460859
32	2055	2	1	0.0647384619419603
32	2055	5	1	0.165752531311954
32	2055	9	30	0.0
32	2056	1	1	0.7695090067460859
32	2056	2	1	0.0647384619419603
32	2056	5	1	0.165752531311954
32	2056	9	30	0.0
32	2057	1	1	0.7695090067460859
32	2057	2	1	0.0647384619419603
32	2057	5	1	0.165752531311954
32	2057	9	30	0.0
32	2058	1	1	0.7695090067460859
32	2058	2	1	0.0647384619419603
32	2058	5	1	0.165752531311954
32	2058	9	30	0.0
32	2059	1	1	0.7695090067460859
32	2059	2	1	0.0647384619419603
32	2059	5	1	0.165752531311954
32	2059	9	30	0.0
32	2060	1	1	0.7695090067460859
32	2060	2	1	0.0647384619419603
32	2060	5	1	0.165752531311954
32	2060	9	30	0.0
42	1960	1	1	0.0
42	1960	2	1	1.0
42	1960	3	1	0.0
42	1961	1	1	0.0
42	1961	2	1	1.0
42	1961	3	1	0.0
42	1962	1	1	0.0
42	1962	2	1	1.0
42	1962	3	1	0.0
42	1963	1	1	0.0
42	1963	2	1	1.0
42	1963	3	1	0.0
42	1964	1	1	0.0
42	1964	2	1	1.0
42	1964	3	1	0.0
42	1965	1	1	0.0
42	1965	2	1	1.0
42	1965	3	1	0.0
42	1966	1	1	0.0
42	1966	2	1	1.0
42	1966	3	1	0.0
42	1967	1	1	0.0
42	1967	2	1	1.0
42	1967	3	1	0.0
42	1968	1	1	0.0
42	1968	2	1	1.0
42	1968	3	1	0.0
42	1969	1	1	0.0
42	1969	2	1	1.0
42	1969	3	1	0.0
42	1970	1	1	0.0
42	1970	2	1	1.0
42	1970	3	1	0.0
42	1971	1	1	0.0
42	1971	2	1	1.0
42	1971	3	1	0.0
42	1972	1	1	0.0
42	1972	2	1	1.0
42	1972	3	1	0.0
42	1973	1	1	0.0
42	1973	2	1	1.0
42	1973	3	1	0.0
42	1974	1	1	0.0
42	1974	2	1	1.0
42	1974	3	1	0.0
42	1975	1	1	0.0
42	1975	2	1	1.0
42	1975	3	1	0.0
42	1976	1	1	0.0
42	1976	2	1	1.0
42	1976	3	1	0.0
42	1977	1	1	0.0
42	1977	2	1	1.0
42	1977	3	1	0.0
42	1978	1	1	0.0
42	1978	2	1	1.0
42	1978	3	1	0.0
42	1979	1	1	0.0
42	1979	2	1	1.0
42	1979	3	1	0.0
42	1980	1	1	0.0
42	1980	2	1	1.0
42	1980	3	1	0.0
42	1981	1	1	0.0
42	1981	2	1	1.0
42	1981	3	1	0.0
42	1982	1	1	0.0
42	1982	2	1	1.0
42	1982	3	1	0.0
42	1983	1	1	0.0
42	1983	2	1	1.0
42	1983	3	1	0.0
42	1984	1	1	0.00163934426229508
42	1984	2	1	0.9983606557377046
42	1984	3	1	0.0
42	1985	1	1	0.00317965023847377
42	1985	2	1	0.9968203497615263
42	1985	3	1	0.0
42	1986	1	1	0.00476190476190476
42	1986	2	1	0.9952380952380947
42	1986	3	1	0.0
42	1987	1	1	0.0
42	1987	2	1	1.0000000000000004
42	1987	3	1	0.0
42	1988	1	1	8.78734622144112E-4
42	1988	2	1	0.9991212653778556
42	1988	3	1	0.0
42	1989	1	1	0.0
42	1989	2	1	0.9994404029099045
42	1989	3	1	5.59597090095132E-4
42	1990	1	1	0.00138600138600139
42	1990	2	1	0.998613998613999
42	1990	3	1	0.0
42	1991	1	1	0.00391389432485322
42	1991	2	1	0.9960861056751471
42	1991	3	1	0.0
42	1992	1	1	8.50340136054422E-4
42	1992	2	1	0.9880952380952384
42	1992	3	1	0.0110544217687075
42	1993	1	1	0.00523286237571952
42	1993	2	1	0.9293563579277866
42	1993	3	1	0.065410779696494
42	1994	1	1	0.0132844709115896
42	1994	2	1	0.9509848831882735
42	1994	3	1	0.0357306459001374
42	1995	1	1	0.0315972222222222
42	1995	2	1	0.8815972222222227
42	1995	3	1	0.0868055555555556
42	1996	1	1	0.0101363159734359
42	1996	2	1	0.9272981475008741
42	1996	3	1	0.0625655365256903
42	1997	1	1	0.00107613666935701
42	1997	2	1	0.8956147430723707
42	1997	3	1	0.103309120258273
42	1998	1	1	0.00121891760117016
42	1998	2	1	0.8973671379814728
42	1998	3	1	0.101413944417357
42	1999	1	1	0.00158040300276571
42	1999	2	1	0.907941525088898
42	1999	3	1	0.0904780719083366
42	2000	1	1	0.0675899621212121
42	2000	2	1	0.8455255681818185
42	2000	3	1	0.0868844696969697
42	2001	1	1	0.0971738827787832
42	2001	2	1	0.8112209383266045
42	2001	3	1	0.0916051788946123
42	2002	1	1	0.11883732134254064
42	2002	2	1	0.7674642685081099
42	2002	3	1	0.11369841014935
42	2003	1	1	0.14249172434547056
42	2003	2	1	0.7919049052061395
42	2003	3	1	0.06560337044839
42	2004	1	1	0.1629600472347968
42	2004	2	1	0.8022042904939968
42	2004	3	1	0.0348356622712065
42	2005	1	1	0.16178766588602664
42	2005	2	1	0.7763466042154565
42	2005	3	1	0.0618657298985168
42	2006	1	1	0.17318035138042268
42	2006	2	1	0.803633321381619
42	2006	3	1	0.0231863272379586
42	2007	1	1	0.12747580044676143
42	2007	2	1	0.8363365599404313
42	2007	3	1	0.0361876396128072
42	2008	1	1	0.1505058365758759
42	2008	2	1	0.7512840466926072
42	2008	3	1	0.0982101167315175
42	2009	1	1	0.11703470031545726
42	2009	2	1	0.8070977917981067
42	2009	3	1	0.0758675078864353
42	2010	1	1	0.157297297297297
42	2010	2	1	0.8131531531531533
42	2010	3	1	0.0295495495495495
42	2011	1	1	0.200198412698413
42	2011	2	1	0.6960317460317456
42	2011	3	1	0.103769841269841
42	2012	1	1	0.200824816209432
42	2012	2	1	0.721714183252645
42	2012	3	1	0.0774610005379236
42	2013	1	1	0.177478776229377
42	2013	2	1	0.7161621015537398
42	2013	3	1	0.106359122216883
42	2014	1	1	0.137906395141122
42	2014	2	1	0.8027867095391211
42	2014	3	1	0.0593068953197571
42	2015	1	1	0.137906395141122
42	2015	2	1	0.8027867095391211
42	2015	3	1	0.0593068953197571
42	2016	1	1	0.137906395141122
42	2016	2	1	0.8027867095391211
42	2016	3	1	0.0593068953197571
42	2017	1	1	0.137906395141122
42	2017	2	1	0.8027867095391211
42	2017	3	1	0.0593068953197571
42	2018	1	1	0.137906395141122
42	2018	2	1	0.8027867095391211
42	2018	3	1	0.0593068953197571
42	2019	1	1	0.137906395141122
42	2019	2	1	0.8027867095391211
42	2019	3	1	0.0593068953197571
42	2020	1	1	0.137906395141122
42	2020	2	1	0.8027867095391211
42	2020	3	1	0.0593068953197571
42	2021	1	1	0.137906395141122
42	2021	2	1	0.8027867095391211
42	2021	3	1	0.0593068953197571
42	2022	1	1	0.137906395141122
42	2022	2	1	0.8027867095391211
42	2022	3	1	0.0593068953197571
42	2023	1	1	0.137906395141122
42	2023	2	1	0.8027867095391211
42	2023	3	1	0.0593068953197571
42	2024	1	1	0.137906395141122
42	2024	2	1	0.8027867095391211
42	2024	3	1	0.0593068953197571
42	2025	1	1	0.137906395141122
42	2025	2	1	0.8027867095391211
42	2025	3	1	0.0593068953197571
42	2026	1	1	0.137906395141122
42	2026	2	1	0.8027867095391211
42	2026	3	1	0.0593068953197571
42	2027	1	1	0.137906395141122
42	2027	2	1	0.8027867095391211
42	2027	3	1	0.0593068953197571
42	2028	1	1	0.137906395141122
42	2028	2	1	0.8027867095391211
42	2028	3	1	0.0593068953197571
42	2029	1	1	0.137906395141122
42	2029	2	1	0.8027867095391211
42	2029	3	1	0.0593068953197571
42	2030	1	1	0.137906395141122
42	2030	2	1	0.8027867095391211
42	2030	3	1	0.0593068953197571
42	2031	1	1	0.137906395141122
42	2031	2	1	0.8027867095391211
42	2031	3	1	0.0593068953197571
42	2032	1	1	0.137906395141122
42	2032	2	1	0.8027867095391211
42	2032	3	1	0.0593068953197571
42	2033	1	1	0.137906395141122
42	2033	2	1	0.8027867095391211
42	2033	3	1	0.0593068953197571
42	2034	1	1	0.137906395141122
42	2034	2	1	0.8027867095391211
42	2034	3	1	0.0593068953197571
42	2035	1	1	0.137906395141122
42	2035	2	1	0.8027867095391211
42	2035	3	1	0.0593068953197571
42	2036	1	1	0.137906395141122
42	2036	2	1	0.8027867095391211
42	2036	3	1	0.0593068953197571
42	2037	1	1	0.137906395141122
42	2037	2	1	0.8027867095391211
42	2037	3	1	0.0593068953197571
42	2038	1	1	0.137906395141122
42	2038	2	1	0.8027867095391211
42	2038	3	1	0.0593068953197571
42	2039	1	1	0.137906395141122
42	2039	2	1	0.8027867095391211
42	2039	3	1	0.0593068953197571
42	2040	1	1	0.137906395141122
42	2040	2	1	0.8027867095391211
42	2040	3	1	0.0593068953197571
42	2041	1	1	0.137906395141122
42	2041	2	1	0.8027867095391211
42	2041	3	1	0.0593068953197571
42	2042	1	1	0.137906395141122
42	2042	2	1	0.8027867095391211
42	2042	3	1	0.0593068953197571
42	2043	1	1	0.137906395141122
42	2043	2	1	0.8027867095391211
42	2043	3	1	0.0593068953197571
42	2044	1	1	0.137906395141122
42	2044	2	1	0.8027867095391211
42	2044	3	1	0.0593068953197571
42	2045	1	1	0.137906395141122
42	2045	2	1	0.8027867095391211
42	2045	3	1	0.0593068953197571
42	2046	1	1	0.137906395141122
42	2046	2	1	0.8027867095391211
42	2046	3	1	0.0593068953197571
42	2047	1	1	0.137906395141122
42	2047	2	1	0.8027867095391211
42	2047	3	1	0.0593068953197571
42	2048	1	1	0.137906395141122
42	2048	2	1	0.8027867095391211
42	2048	3	1	0.0593068953197571
42	2049	1	1	0.137906395141122
42	2049	2	1	0.8027867095391211
42	2049	3	1	0.0593068953197571
42	2050	1	1	0.137906395141122
42	2050	2	1	0.8027867095391211
42	2050	3	1	0.0593068953197571
42	2051	1	1	0.137906395141122
42	2051	2	1	0.8027867095391211
42	2051	3	1	0.0593068953197571
42	2052	1	1	0.137906395141122
42	2052	2	1	0.8027867095391211
42	2052	3	1	0.0593068953197571
42	2053	1	1	0.137906395141122
42	2053	2	1	0.8027867095391211
42	2053	3	1	0.0593068953197571
42	2054	1	1	0.137906395141122
42	2054	2	1	0.8027867095391211
42	2054	3	1	0.0593068953197571
42	2055	1	1	0.137906395141122
42	2055	2	1	0.8027867095391211
42	2055	3	1	0.0593068953197571
42	2056	1	1	0.137906395141122
42	2056	2	1	0.8027867095391211
42	2056	3	1	0.0593068953197571
42	2057	1	1	0.137906395141122
42	2057	2	1	0.8027867095391211
42	2057	3	1	0.0593068953197571
42	2058	1	1	0.137906395141122
42	2058	2	1	0.8027867095391211
42	2058	3	1	0.0593068953197571
42	2059	1	1	0.137906395141122
42	2059	2	1	0.8027867095391211
42	2059	3	1	0.0593068953197571
42	2060	1	1	0.137906395141122
42	2060	2	1	0.8027867095391211
42	2060	3	1	0.0593068953197571
51	1960	1	1	0.0400000010371208
51	1960	2	1	0.959999998962879
51	1960	3	1	0.0
51	1961	1	1	0.0400000010371208
51	1961	2	1	0.959999998962879
51	1961	3	1	0.0
51	1962	1	1	0.0400000010371208
51	1962	2	1	0.959999998962879
51	1962	3	1	0.0
51	1963	1	1	0.0400000010371208
51	1963	2	1	0.959999998962879
51	1963	3	1	0.0
51	1964	1	1	0.0400000010371208
51	1964	2	1	0.959999998962879
51	1964	3	1	0.0
51	1965	1	1	0.0400000010371208
51	1965	2	1	0.959999998962879
51	1965	3	1	0.0
51	1966	1	1	0.0400000010371208
51	1966	2	1	0.959999998962879
51	1966	3	1	0.0
51	1967	1	1	0.0400000010371208
51	1967	2	1	0.959999998962879
51	1967	3	1	0.0
51	1968	1	1	0.0400000010371208
51	1968	2	1	0.959999998962879
51	1968	3	1	0.0
51	1969	1	1	0.0400000010371208
51	1969	2	1	0.959999998962879
51	1969	3	1	0.0
51	1970	1	1	0.0400000010371208
51	1970	2	1	0.959999998962879
51	1970	3	1	0.0
51	1971	1	1	0.0400000010371208
51	1971	2	1	0.959999998962879
51	1971	3	1	0.0
51	1972	1	1	0.0400000010371208
51	1972	2	1	0.959999998962879
51	1972	3	1	0.0
51	1973	1	1	0.0400000010371208
51	1973	2	1	0.959999998962879
51	1973	3	1	0.0
51	1974	1	1	0.0400000010371208
51	1974	2	1	0.959999998962879
51	1974	3	1	0.0
51	1975	1	1	0.0400000010371208
51	1975	2	1	0.959999998962879
51	1975	3	1	0.0
51	1976	1	1	0.0400000010371208
51	1976	2	1	0.959999998962879
51	1976	3	1	0.0
51	1977	1	1	0.0400000010371208
51	1977	2	1	0.959999998962879
51	1977	3	1	0.0
51	1978	1	1	0.0400000010371208
51	1978	2	1	0.959999998962879
51	1978	3	1	0.0
51	1979	1	1	0.0400000010371208
51	1979	2	1	0.959999998962879
51	1979	3	1	0.0
51	1980	1	1	0.0400000010371208
51	1980	2	1	0.959999998962879
51	1980	3	1	0.0
51	1981	1	1	0.0400000010371208
51	1981	2	1	0.959999998962879
51	1981	3	1	0.0
51	1982	1	1	0.09537747307748612
51	1982	2	1	0.904622526922514
51	1982	3	1	0.0
51	1983	1	1	0.10813018584618381
51	1983	2	1	0.8918698141538159
51	1983	3	1	0.0
51	1984	1	1	0.0607599352117124
51	1984	2	1	0.939240064788288
51	1984	3	1	0.0
51	1985	1	1	0.058646113400861094
51	1985	2	1	0.941353886599138
51	1985	3	1	0.0
51	1986	1	1	0.07102539481568867
51	1986	2	1	0.928974605184312
51	1986	3	1	0.0
51	1987	1	1	0.114124497346872
51	1987	2	1	0.885875502653128
51	1987	3	1	0.0
51	1988	1	1	0.11391111759277159
51	1988	2	1	0.8860888824072279
51	1988	3	1	0.0
51	1989	1	1	0.0294467485485278
51	1989	2	1	0.970553251451473
51	1989	3	1	0.0
51	1990	1	1	0.2039939230406578
51	1990	2	1	0.7960060769593424
51	1990	3	1	0.0
51	1991	1	1	0.101232968396552
51	1991	2	1	0.898767031603449
51	1991	3	1	0.0
51	1992	1	1	0.210282540925218
51	1992	2	1	0.7897174590747831
51	1992	3	1	0.0
51	1993	1	1	0.0314768590807551
51	1993	2	1	0.968523140919244
51	1993	3	1	0.0
51	1994	1	1	0.1050401762255472
51	1994	2	1	0.894959823774452
51	1994	3	1	0.0
51	1995	1	1	0.0235372910837422
51	1995	2	1	0.9764627089162586
51	1995	3	1	0.0
51	1996	1	1	0.025289227354433
51	1996	2	1	0.9747107726455674
51	1996	3	1	0.0
51	1997	1	1	0.0193216571429376
51	1997	2	1	0.9806783428570629
51	1997	3	1	0.0
51	1998	1	1	0.403567192240898
51	1998	2	1	0.5964328077591013
51	1998	3	1	0.0
51	1999	1	1	0.168802527515836
51	1999	2	1	0.8311974724841636
51	1999	3	1	0.0
51	2000	1	1	0.0
51	2000	2	1	1.0
51	2000	3	1	0.0
51	2001	1	1	0.0
51	2001	2	1	1.0
51	2001	3	1	0.0
51	2002	1	1	0.0
51	2002	2	1	0.997233201581028
51	2002	3	1	0.00276679841897233
51	2003	1	1	3.59971202303816E-4
51	2003	2	1	0.992440604751619
51	2003	3	1	0.00719942404607631
51	2004	1	1	0.0
51	2004	2	1	0.997617156473392
51	2004	3	1	0.00238284352660842
51	2005	1	1	6.74308833445718E-4
51	2005	2	1	0.999325691166554
51	2005	3	1	0.0
51	2006	1	1	8.61079219288174E-4
51	2006	2	1	0.999138920780712
51	2006	3	1	0.0
51	2007	1	1	0.002342468962286245
51	2007	2	1	0.997657531037714
51	2007	3	1	0.0
51	2008	1	1	0.00204081632653061
51	2008	2	1	0.99795918367347
51	2008	3	1	0.0
51	2009	1	1	0.0046029919447641
51	2009	2	1	0.995397008055236
51	2009	3	1	0.0
51	2010	1	1	0.0
51	2010	2	1	0.995785036880927
51	2010	3	1	0.00421496311907271
51	2011	1	1	0.0
51	2011	2	1	0.9882995319812801
51	2011	3	1	0.0117004680187207
51	2012	1	1	0.0
51	2012	2	1	0.9571263035921209
51	2012	3	1	0.0428736964078795
51	2013	1	1	0.0058411214953271
51	2013	2	1	0.880257009345794
51	2013	3	1	0.113901869158879
51	2014	1	1	0.0
51	2014	2	1	0.769069279216235
51	2014	3	1	0.230930720783765
51	2015	1	1	0.0
51	2015	2	1	0.769069279216235
51	2015	3	1	0.230930720783765
51	2016	1	1	0.0
51	2016	2	1	0.769069279216235
51	2016	3	1	0.230930720783765
51	2017	1	1	0.0
51	2017	2	1	0.769069279216235
51	2017	3	1	0.230930720783765
51	2018	1	1	0.0
51	2018	2	1	0.769069279216235
51	2018	3	1	0.230930720783765
51	2019	1	1	0.0
51	2019	2	1	0.769069279216235
51	2019	3	1	0.230930720783765
51	2020	1	1	0.0
51	2020	2	1	0.769069279216235
51	2020	3	1	0.230930720783765
51	2021	1	1	0.0
51	2021	2	1	0.769069279216235
51	2021	3	1	0.230930720783765
51	2022	1	1	0.0
51	2022	2	1	0.769069279216235
51	2022	3	1	0.230930720783765
51	2023	1	1	0.0
51	2023	2	1	0.769069279216235
51	2023	3	1	0.230930720783765
51	2024	1	1	0.0
51	2024	2	1	0.769069279216235
51	2024	3	1	0.230930720783765
51	2025	1	1	0.0
51	2025	2	1	0.769069279216235
51	2025	3	1	0.230930720783765
51	2026	1	1	0.0
51	2026	2	1	0.769069279216235
51	2026	3	1	0.230930720783765
51	2027	1	1	0.0
51	2027	2	1	0.769069279216235
51	2027	3	1	0.230930720783765
51	2028	1	1	0.0
51	2028	2	1	0.769069279216235
51	2028	3	1	0.230930720783765
51	2029	1	1	0.0
51	2029	2	1	0.769069279216235
51	2029	3	1	0.230930720783765
51	2030	1	1	0.0
51	2030	2	1	0.769069279216235
51	2030	3	1	0.230930720783765
51	2031	1	1	0.0
51	2031	2	1	0.769069279216235
51	2031	3	1	0.230930720783765
51	2032	1	1	0.0
51	2032	2	1	0.769069279216235
51	2032	3	1	0.230930720783765
51	2033	1	1	0.0
51	2033	2	1	0.769069279216235
51	2033	3	1	0.230930720783765
51	2034	1	1	0.0
51	2034	2	1	0.769069279216235
51	2034	3	1	0.230930720783765
51	2035	1	1	0.0
51	2035	2	1	0.769069279216235
51	2035	3	1	0.230930720783765
51	2036	1	1	0.0
51	2036	2	1	0.769069279216235
51	2036	3	1	0.230930720783765
51	2037	1	1	0.0
51	2037	2	1	0.769069279216235
51	2037	3	1	0.230930720783765
51	2038	1	1	0.0
51	2038	2	1	0.769069279216235
51	2038	3	1	0.230930720783765
51	2039	1	1	0.0
51	2039	2	1	0.769069279216235
51	2039	3	1	0.230930720783765
51	2040	1	1	0.0
51	2040	2	1	0.769069279216235
51	2040	3	1	0.230930720783765
51	2041	1	1	0.0
51	2041	2	1	0.769069279216235
51	2041	3	1	0.230930720783765
51	2042	1	1	0.0
51	2042	2	1	0.769069279216235
51	2042	3	1	0.230930720783765
51	2043	1	1	0.0
51	2043	2	1	0.769069279216235
51	2043	3	1	0.230930720783765
51	2044	1	1	0.0
51	2044	2	1	0.769069279216235
51	2044	3	1	0.230930720783765
51	2045	1	1	0.0
51	2045	2	1	0.769069279216235
51	2045	3	1	0.230930720783765
51	2046	1	1	0.0
51	2046	2	1	0.769069279216235
51	2046	3	1	0.230930720783765
51	2047	1	1	0.0
51	2047	2	1	0.769069279216235
51	2047	3	1	0.230930720783765
51	2048	1	1	0.0
51	2048	2	1	0.769069279216235
51	2048	3	1	0.230930720783765
51	2049	1	1	0.0
51	2049	2	1	0.769069279216235
51	2049	3	1	0.230930720783765
51	2050	1	1	0.0
51	2050	2	1	0.769069279216235
51	2050	3	1	0.230930720783765
51	2051	1	1	0.0
51	2051	2	1	0.769069279216235
51	2051	3	1	0.230930720783765
51	2052	1	1	0.0
51	2052	2	1	0.769069279216235
51	2052	3	1	0.230930720783765
51	2053	1	1	0.0
51	2053	2	1	0.769069279216235
51	2053	3	1	0.230930720783765
51	2054	1	1	0.0
51	2054	2	1	0.769069279216235
51	2054	3	1	0.230930720783765
51	2055	1	1	0.0
51	2055	2	1	0.769069279216235
51	2055	3	1	0.230930720783765
51	2056	1	1	0.0
51	2056	2	1	0.769069279216235
51	2056	3	1	0.230930720783765
51	2057	1	1	0.0
51	2057	2	1	0.769069279216235
51	2057	3	1	0.230930720783765
51	2058	1	1	0.0
51	2058	2	1	0.769069279216235
51	2058	3	1	0.230930720783765
51	2059	1	1	0.0
51	2059	2	1	0.769069279216235
51	2059	3	1	0.230930720783765
51	2060	1	1	0.0
51	2060	2	1	0.769069279216235
51	2060	3	1	0.230930720783765
52	1960	1	1	0.990000000169128
52	1960	2	1	0.00999999983087182
52	1960	3	1	0.0
52	1961	1	1	0.990000000169128
52	1961	2	1	0.00999999983087182
52	1961	3	1	0.0
52	1962	1	1	0.990000000169128
52	1962	2	1	0.00999999983087182
52	1962	3	1	0.0
52	1963	1	1	0.990000000169128
52	1963	2	1	0.00999999983087182
52	1963	3	1	0.0
52	1964	1	1	0.990000000169128
52	1964	2	1	0.00999999983087182
52	1964	3	1	0.0
52	1965	1	1	0.990000000169128
52	1965	2	1	0.00999999983087182
52	1965	3	1	0.0
52	1966	1	1	0.990000000169128
52	1966	2	1	0.00999999983087182
52	1966	3	1	0.0
52	1967	1	1	0.990000000169128
52	1967	2	1	0.00999999983087182
52	1967	3	1	0.0
52	1968	1	1	0.990000000169128
52	1968	2	1	0.00999999983087182
52	1968	3	1	0.0
52	1969	1	1	0.989999998988956
52	1969	2	1	0.0100000010110439
52	1969	3	1	0.0
52	1970	1	1	0.989999996038525
52	1970	2	1	0.0100000039614753
52	1970	3	1	0.0
52	1971	1	1	0.97049999384207
52	1971	2	1	0.0295000061579302
52	1971	3	1	0.0
52	1972	1	1	0.940999997935906
52	1972	2	1	0.059000002064094
52	1972	3	1	0.0
52	1973	1	1	0.91149991525813
52	1973	2	1	0.0885000847418697
52	1973	3	1	0.0
52	1974	1	1	0.881999948521552
52	1974	2	1	0.11800005147844811
52	1974	3	1	0.0
52	1975	1	1	0.852500009925512
52	1975	2	1	0.1474999900744883
52	1975	3	1	0.0
52	1976	1	1	0.822999926540905
52	1976	2	1	0.1770000734590954
52	1976	3	1	0.0
52	1977	1	1	0.793499859698538
52	1977	2	1	0.20650014030146252
52	1977	3	1	0.0
52	1978	1	1	0.764000048945849
52	1978	2	1	0.2359999510541515
52	1978	3	1	0.0
52	1979	1	1	0.734499997478306
52	1979	2	1	0.2655000025216945
52	1979	3	1	0.0
52	1980	1	1	0.704999986501689
52	1980	2	1	0.295000013498312
52	1980	3	1	0.0
52	1981	1	1	0.675499985503417
52	1981	2	1	0.324500014496583
52	1981	3	1	0.0
52	1982	1	1	0.47280663443315524
52	1982	2	1	0.527193365566845
52	1982	3	1	0.0
52	1983	1	1	0.5133916276222922
52	1983	2	1	0.48660837237770804
52	1983	3	1	0.0
52	1984	1	1	0.4498305660773535
52	1984	2	1	0.550169433922646
52	1984	3	1	0.0
52	1985	1	1	0.45676828212896975
52	1985	2	1	0.54323171787103
52	1985	3	1	0.0
52	1986	1	1	0.4924160027242952
52	1986	2	1	0.507583997275705
52	1986	3	1	0.0
52	1987	1	1	0.4780188203115358
52	1987	2	1	0.5219811796884641
52	1987	3	1	0.0
52	1988	1	1	0.4742334576955288
52	1988	2	1	0.5257665423044716
52	1988	3	1	0.0
52	1989	1	1	0.4237104349788179
52	1989	2	1	0.5762895650211828
52	1989	3	1	0.0
52	1990	1	1	0.39504167090546943
52	1990	2	1	0.6049583290945302
52	1990	3	1	0.0
52	1991	1	1	0.3842140962819927
52	1991	2	1	0.6157859037180069
52	1991	3	1	0.0
52	1992	1	1	0.4304055999610956
52	1992	2	1	0.569594400038904
52	1992	3	1	0.0
52	1993	1	1	0.3639939425786281
52	1993	2	1	0.6360060574213731
52	1993	3	1	0.0
52	1994	1	1	0.34488649343574235
52	1994	2	1	0.6551135065642576
52	1994	3	1	0.0
52	1995	1	1	0.3796903221608529
52	1995	2	1	0.6203096778391477
52	1995	3	1	0.0
52	1996	1	1	0.3516314218364729
52	1996	2	1	0.648368578163527
52	1996	3	1	0.0
52	1997	1	1	0.372882353471313
52	1997	2	1	0.627117646528687
52	1997	3	1	0.0
52	1998	1	1	0.36935279731231996
52	1998	2	1	0.630647202687679
52	1998	3	1	0.0
52	1999	1	1	0.39874867504623646
52	1999	2	1	0.601251324953764
52	1999	3	1	0.0
52	2000	1	1	0.2336712551143798
52	2000	2	1	0.765958797837742
52	2000	3	1	3.69947047877774E-4
52	2001	1	1	0.233043493712573
52	2001	2	1	0.766159842207203
52	2001	3	1	7.96664080223184E-4
52	2002	1	1	0.23892076541062304
52	2002	2	1	0.7590099884963941
52	2002	3	1	0.0020692460929828
52	2003	1	1	0.22554543514789419
52	2003	2	1	0.7729809564452029
52	2003	3	1	0.00147360840690262
52	2004	1	1	0.2286537081304237
52	2004	2	1	0.769910848275984
52	2004	3	1	0.00143544359359152
52	2005	1	1	0.19913729480955797
52	2005	2	1	0.80033325540566
52	2005	3	1	5.294497847821E-4
52	2006	1	1	0.20546148435162118
52	2006	2	1	0.794202346576711
52	2006	3	1	3.36169071668137E-4
52	2007	1	1	0.16232745796529513
52	2007	2	1	0.8367389279550101
52	2007	3	1	9.33614079694887E-4
52	2008	1	1	0.23041660394217414
52	2008	2	1	0.7683790857925387
52	2008	3	1	0.00120431026528818
52	2009	1	1	0.2599484773593602
52	2009	2	1	0.733715913374942
52	2009	3	1	0.00633560926569765
52	2010	1	1	0.23396458198180775
52	2010	2	1	0.759423870584825
52	2010	3	1	0.00661154743336692
52	2011	1	1	0.2168943426362095
52	2011	2	1	0.7788417901206339
52	2011	3	1	0.00426386724315653
52	2012	1	1	0.2164533016818391
52	2012	2	1	0.7773709477432411
52	2012	3	1	0.00617575057491972
52	2013	1	1	0.22542187141874892
52	2013	2	1	0.766584775383911
52	2013	3	1	0.00799335319734128
52	2014	1	1	0.2071183335029938
52	2014	2	1	0.7812583866221231
52	2014	3	1	0.0116232798748832
52	2015	1	1	0.2071183335029938
52	2015	2	1	0.7812583866221231
52	2015	3	1	0.0116232798748832
52	2016	1	1	0.2071183335029938
52	2016	2	1	0.7812583866221231
52	2016	3	1	0.0116232798748832
52	2017	1	1	0.2071183335029938
52	2017	2	1	0.7812583866221231
52	2017	3	1	0.0116232798748832
52	2018	1	1	0.2071183335029938
52	2018	2	1	0.7812583866221231
52	2018	3	1	0.0116232798748832
52	2019	1	1	0.2071183335029938
52	2019	2	1	0.7812583866221231
52	2019	3	1	0.0116232798748832
52	2020	1	1	0.2071183335029938
52	2020	2	1	0.7812583866221231
52	2020	3	1	0.0116232798748832
52	2021	1	1	0.2071183335029938
52	2021	2	1	0.7812583866221231
52	2021	3	1	0.0116232798748832
52	2022	1	1	0.2071183335029938
52	2022	2	1	0.7812583866221231
52	2022	3	1	0.0116232798748832
52	2023	1	1	0.2071183335029938
52	2023	2	1	0.7812583866221231
52	2023	3	1	0.0116232798748832
52	2024	1	1	0.2071183335029938
52	2024	2	1	0.7812583866221231
52	2024	3	1	0.0116232798748832
52	2025	1	1	0.2071183335029938
52	2025	2	1	0.7812583866221231
52	2025	3	1	0.0116232798748832
52	2026	1	1	0.2071183335029938
52	2026	2	1	0.7812583866221231
52	2026	3	1	0.0116232798748832
52	2027	1	1	0.2071183335029938
52	2027	2	1	0.7812583866221231
52	2027	3	1	0.0116232798748832
52	2028	1	1	0.2071183335029938
52	2028	2	1	0.7812583866221231
52	2028	3	1	0.0116232798748832
52	2029	1	1	0.2071183335029938
52	2029	2	1	0.7812583866221231
52	2029	3	1	0.0116232798748832
52	2030	1	1	0.2071183335029938
52	2030	2	1	0.7812583866221231
52	2030	3	1	0.0116232798748832
52	2031	1	1	0.2071183335029938
52	2031	2	1	0.7812583866221231
52	2031	3	1	0.0116232798748832
52	2032	1	1	0.2071183335029938
52	2032	2	1	0.7812583866221231
52	2032	3	1	0.0116232798748832
52	2033	1	1	0.2071183335029938
52	2033	2	1	0.7812583866221231
52	2033	3	1	0.0116232798748832
52	2034	1	1	0.2071183335029938
52	2034	2	1	0.7812583866221231
52	2034	3	1	0.0116232798748832
52	2035	1	1	0.2071183335029938
52	2035	2	1	0.7812583866221231
52	2035	3	1	0.0116232798748832
52	2036	1	1	0.2071183335029938
52	2036	2	1	0.7812583866221231
52	2036	3	1	0.0116232798748832
52	2037	1	1	0.2071183335029938
52	2037	2	1	0.7812583866221231
52	2037	3	1	0.0116232798748832
52	2038	1	1	0.2071183335029938
52	2038	2	1	0.7812583866221231
52	2038	3	1	0.0116232798748832
52	2039	1	1	0.2071183335029938
52	2039	2	1	0.7812583866221231
52	2039	3	1	0.0116232798748832
52	2040	1	1	0.2071183335029938
52	2040	2	1	0.7812583866221231
52	2040	3	1	0.0116232798748832
52	2041	1	1	0.2071183335029938
52	2041	2	1	0.7812583866221231
52	2041	3	1	0.0116232798748832
52	2042	1	1	0.2071183335029938
52	2042	2	1	0.7812583866221231
52	2042	3	1	0.0116232798748832
52	2043	1	1	0.2071183335029938
52	2043	2	1	0.7812583866221231
52	2043	3	1	0.0116232798748832
52	2044	1	1	0.2071183335029938
52	2044	2	1	0.7812583866221231
52	2044	3	1	0.0116232798748832
52	2045	1	1	0.2071183335029938
52	2045	2	1	0.7812583866221231
52	2045	3	1	0.0116232798748832
52	2046	1	1	0.2071183335029938
52	2046	2	1	0.7812583866221231
52	2046	3	1	0.0116232798748832
52	2047	1	1	0.2071183335029938
52	2047	2	1	0.7812583866221231
52	2047	3	1	0.0116232798748832
52	2048	1	1	0.2071183335029938
52	2048	2	1	0.7812583866221231
52	2048	3	1	0.0116232798748832
52	2049	1	1	0.2071183335029938
52	2049	2	1	0.7812583866221231
52	2049	3	1	0.0116232798748832
52	2050	1	1	0.2071183335029938
52	2050	2	1	0.7812583866221231
52	2050	3	1	0.0116232798748832
52	2051	1	1	0.2071183335029938
52	2051	2	1	0.7812583866221231
52	2051	3	1	0.0116232798748832
52	2052	1	1	0.2071183335029938
52	2052	2	1	0.7812583866221231
52	2052	3	1	0.0116232798748832
52	2053	1	1	0.2071183335029938
52	2053	2	1	0.7812583866221231
52	2053	3	1	0.0116232798748832
52	2054	1	1	0.2071183335029938
52	2054	2	1	0.7812583866221231
52	2054	3	1	0.0116232798748832
52	2055	1	1	0.2071183335029938
52	2055	2	1	0.7812583866221231
52	2055	3	1	0.0116232798748832
52	2056	1	1	0.2071183335029938
52	2056	2	1	0.7812583866221231
52	2056	3	1	0.0116232798748832
52	2057	1	1	0.2071183335029938
52	2057	2	1	0.7812583866221231
52	2057	3	1	0.0116232798748832
52	2058	1	1	0.2071183335029938
52	2058	2	1	0.7812583866221231
52	2058	3	1	0.0116232798748832
52	2059	1	1	0.2071183335029938
52	2059	2	1	0.7812583866221231
52	2059	3	1	0.0116232798748832
52	2060	1	1	0.2071183335029938
52	2060	2	1	0.7812583866221231
52	2060	3	1	0.0116232798748832
