fuelFormulationID	fuelSubtypeID	RVP	sulfurLevel	ETOHVolume	MTBEVolume	ETBEVolume	TAMEVolume	aromaticContent	olefinContent	benzeneContent	e200	e300	BioDieselEsterVolume	CetaneIndex	PAHContent	T50	T90
10	10	6.9	30.0	0.0	0.0	0.0	0.0	26.1	5.6	1.0	41.09	83.09	0.0	0.0	0.0	218.0	329.0
20	20	0.0	11.0	0.0	0.0	0.0	0.0	0.0	0.0	0.0	0.0	0.0	0.0	0.0	0.0	0.0	0.0
30	30	0.0	7.6	0.0	0.0	0.0	0.0	0.0	0.0	0.0	0.0	0.0	0.0	0.0	0.0	0.0	0.0
50	51	7.7	11.0	85.0	0.0	0.0	0.0	0.0	0.0	0.0	999.0	999.0	0.0	0.0	0.0	999.0	999.0
90	90	0.0	0.0	0.0	0.0	0.0	0.0	0.0	0.0	0.0	0.0	0.0	0.0	0.0	0.0	0.0	0.0
96	10	8.7	338.0	0.0	0.0	0.0	0.0	26.4	11.9	1.64	50.0	83.0	0.0	0.0	0.0	199.816	329.409
97	10	6.6	150.0	0.0	0.0	0.0	0.0	24.0	11.0	0.8	52.0	84.0	0.0	0.0	0.0	195.735	324.864
98	12	8.8	30.0	10.0	0.0	0.0	0.0	25.77	8.44	0.65	47.61	84.89	0.0	0.0	0.0	212.282	321.719
99	12	8.8	30.0	10.0	0.0	0.0	0.0	25.77	8.44	0.65	47.61	84.89	0.0	0.0	0.0	212.282	321.719
9048	12	10.0	10.0	10.0	0.0	0.0	0.0	24.1945	8.90396	0.985782	48.6671	84.7811	0.0	0.0	0.0	206.221	322.178
9348	10	9.0	10.0	0.0	0.0	0.0	0.0	26.3945	7.30396	0.985782	41.6671	84.9811	0.0	0.0	0.0	216.822	320.404
9648	15	9.85	9.5	15.0	0.0	0.0	0.0	22.9847	8.45876	0.936493	56.5473	85.5748	0.0	0.0	0.0	163.629	319.045
25003	21	0.0	6.0	0.0	0.0	0.0	0.0	0.0	0.0	0.0	0.0	0.0	3.4	0.0	0.0	0.0	0.0
27002	51	7.7	8.0	74.0	0.0	0.0	0.0	0.0	0.0	0.16	999.0	999.0	0.0	0.0	0.0	999.0	999.0
28001	30	0.0	7.6	0.0	0.0	0.0	0.0	0.0	0.0	0.0	0.0	0.0	0.0	0.0	0.0	0.0	0.0
